x
1
5
36
57
80
85
96
99
115
141
163
176
184
190
197
226
233
251
290
308
325
350
365
371
383
384
390
400
430
465
483
485
487
488
497
499
504
510
518
548
549
559
568
569
574
595
610
621
624
626
635
636
638
641
645
646
698
700
701
702
709
714
720
723
729
745
754
768
771
773
792
806
824
842
867
874
898
899
905
906
925
947
952
958
978
979
983
987
997
998
999
1008
1014
1019
1029
1034
1045
1066
1069
1082
1114
1115
1120
1149
1155
1162
1170
1209
1211
1234
1247
1258
1276
1278
1281
1297
1312
1318
1319
1325
1355
1362
1402
1404
1408
1415
1420
1426
1450
1451
1452
1455
1474
1483
1491
1494
1505
1515
1518
1526
1527
1528
1531
1532
1539
1543
1562
1572
1593
1597
1615
1617
1620
1634
1646
1647
1655
1664
1672
1681
1685
1689
1695
1703
1709
1727
1730
1731
1733
1739
1741
1750
1754
1758
1759
1763
1769
1807
1808
1825
1827
1846
1855
1862
1875
1878
1889
1893
1910
1919
1947
1959
1980
1982
1984
1985
2006
2034
2047
2056
2062
2097
2099
2117
2125
2129
2153
2156
2174
2182
2184
2202
2208
2210
2223
2235
2236
2240
2248
2263
2312
2328
2333
2344
2350
2355
2362
2367
2388
2400
2401
2427
2434
2441
2448
2460
2481
2484
2501
2504
2508
2511
2513
2515
2534
2567
2571
2627
2628
2642
2651
2667
2679
2680
2684
2707
2714
2733
2748
2750
2774
2790
2802
2804
2807
2810
2815
2830
2843
2846
2864
2865
2877
2887
2892
2896
2906
2921
2922
2925
2926
2966
2979
2980
2987
3006
3014
3031
3046
3064
3071
3073
3082
3125
3128
3191
3212
3221
3226
3248
3271
3281
3303
3327
3358
3384
3385
3422
3435
3465
3469
3491
3501
3525
3537
3547
3587
3600
3612
3627
3629
3630
3636
3637
3661
3670
3671
3672
3677
3679
3681
3686
3702
3715
3722
3741
3754
3758
3769
3778
3784
3794
3811
3821
3828
3830
3833
3834
3837
3839
3843
3844
3850
3854
3856
3858
3859
3860
3862
3876
3882
3899
3905
3915
3927
3930
3955
3960
3963
3965
3966
3971
3973
3977
3979
3984
3993
3996
4002
4008
4015
4019
4020
4024
4032
4043
4049
4062
4074
4076
4079
4089
4090
4091
4092
4093
4094
4098
4104
4105
4117
4122
4136
4149
4151
4182
4194
4198
4204
4220
4226
4236
4241
4243
4247
4250
4254
4270
4281
4293
4299
4300
4309
4313
4316
4326
4327
4358
4360
4368
4371
4375
4386
4391
4393
4405
4407
4411
4414
4430
4432
4437
4438
4457
4476
4507
4512
4516
4518
4528
4530
4544
4546
4547
4552
4560
4564
4566
4567
4588
4595
4604
4609
4610
4619
4632
4647
4669
4680
4683
4692
4703
4705
4721
4732
4737
4767
4785
4792
4813
4831
4833
4836
4866
4867
4870
4872
4880
4885
4890
4891
4892
4947
4950
4960
4962
4993
4996
5002
5011
5047
5051
5055
5116
5126
5142
5146
5161
5165
5196
5214
5219
5227
5277
5302
5337
5410
5417
5419
5420
5445
5451
5453
5458
5471
5482
5495
5500
5516
5521
5523
5542
5598
5610
5615
5617
5622
5635
5653
5676
5681
5723
5781
5784
5790
5805
5822
5831
5838
5840
5851
5866
5867
5881
5883
5888
5892
5901
5938
5965
6009
6011
6033
6046
6049
6058
6064
6065
6076
6114
6134
6167
6184
6192
6247
6249
6256
6283
6284
6286
6302
6317
6319
6340
6345
6353
6400
6403
6446
6458
6460
6477
6480
6486
6487
6489
6491
6500
6503
6516
6519
6522
6532
6538
6545
6554
6563
6585
6589
6604
6617
6629
6635
6636
6644
6682
6694
6704
6736
6746
6770
6773
6776
6799
6805
6825
6840
6847
6850
6908
6910
6934
6942
6958
6989
7014
7028
7041
7042
7061
7072
7107
7117
7119
7140
7150
7156
7160
7162
7195
7197
7202
7225
7231
7242
7250
7253
7286
7289
7302
7303
7307
7311
7317
7342
7345
7358
7389
7412
7418
7426
7428
7441
7455
7463
7466
7507
7544
7551
7603
7620
7631
7636
7639
7678
7691
7702
7707
7717
7741
7754
7755
7787
7810
7865
7909
7925
7962
7979
7987
7996
8013
8014
8047
8057
8060
8095
8103
8119
8134
8155
8197
8200
8214
8217
8251
8262
8269
8279
8281
8297
8302
8318
8321
8329
8366
8370
8404
8429
8440
8476
8520
8531
8532
8547
8565
8579
8620
8629
8643
8654
8655
8701
8711
8734
8742
8750
8767
8773
8779
8804
8837
8842
8848
8854
8867
8895
8904
8910
8916
8921
8922
8942
8958
8974
8989
8997
9010
9011
9019
9057
9071
9105
9120
9124
9145
9167
9169
9191
9207
9218
9225
9233
9239
9269
9277
9283
9339
9358
9362
9363
9374
9417
9420
9452
9456
9478
9480
9485
9500
9532
9539
9551
9558
9563
9579
9590
9609
9610
9612
9615
9649
9673
9684
9691
9709
9711
9715
9730
9734
9754
9766
9789
9806
9815
9821
9822
9844
9858
9863
9878
9885
9886
9891
9926
9929
9933
9944
9956
9959
9971
9993
9999
10019
10026
10032
10042
10044
10064
10078
10080
10082
10096
10107
10112
10125
10137
10149
10154
10175
10199
10207
10219
10223
10240
10241
10242
10258
10264
10266
10270
10272
10295
10302
10303
10310
10323
10324
10333
10348
10373
10388
10398
10416
10425
10471
10482
10504
10505
10519
10537
10540
10562
10582
10585
10597
10601
10668
10672
10680
10686
10689
10715
10717
10726
10732
10744
10751
10785
10797
10808
10823
10826
10910
10927
10928
10936
10949
10959
10968
11000
11037
11058
11062
11086
11095
11128
11129
11135
11143
11147
11149
11191
11199
11202
11206
11213
11215
11218
11223
11224
11243
11267
11294
11295
11302
11321
11325
11340
11356
11373
11420
11434
11450
11470
11481
11493
11507
11523
11542
11548
11556
11563
11565
11576
11643
11660
11661
11666
11703
11705
11711
11719
11743
11753
11755
11771
11773
11795
11812
11818
11822
11846
11854
11900
11907
11911
11932
11936
11940
11982
11985
11998
12004
12011
12050
12052
12075
12080
12106
12119
12121
12131
12176
12179
12197
12216
12220
12228
12237
12245
12274
12276
12301
12305
12311
12320
12348
12352
12362
12374
12376
12384
12400
12401
12403
12421
12428
12442
12450
12461
12467
12491
12493
12509
12518
12557
12588
12591
12606
12611
12620
12627
12629
12636
12663
12685
12693
12702
12727
12731
12763
12773
12779
12788
12791
12792
12815
12826
12832
12848
12851
12858
12862
12873
12879
12896
12923
12931
12948
12956
12957
12958
13006
13010
13029
13036
13047
13067
13106
13118
13127
13133
13153
13155
13168
13179
13183
13188
13222
13264
13271
13284
13305
13311
13353
13359
13392
13498
13500
13506
13508
13509
13510
13511
13517
13518
13520
13522
13525
13529
13532
13534
13541
13544
13548
13549
13551
13554
13555
13556
13557
13558
13559
13560
13565
13566
13567
13570
13574
13575
13579
13584
13590
13591
13594
13595
13598
13601
13602
13603
13604
13605
13606
13613
13614
13615
13617
13618
13625
13630
13632
13633
13635
13637
13638
13639
13643
13644
13647
13652
13658
13661
13663
13665
13666
13670
13672
13674
13677
13679
13680
13681
13682
13686
13690
13695
13698
13701
13704
13707
13709
13710
13712
13713
13716
13717
13718
13719
13721
13724
13725
13726
13727
13729
13730
13734
13738
13743
13746
13748
13752
13756
13757
13759
13762
13768
13769
13770
13777
13779
13780
13785
13789
13791
13794
13797
13798
13802
13803
13804
13806
13808
13812
13813
13815
13816
13817
13819
13820
13821
13822
13825
13829
13832
13833
13837
13840
13841
13843
13844
13845
13846
13847
13848
13849
13850
13852
13855
13857
13862
13863
13864
13865
13868
13869
13875
13879
13880
13883
13887
13890
13893
13894
13895
13896
13897
13898
13899
13900
13902
13905
13906
13907
13908
13909
13913
13916
13920
13923
13924
13925
13926
13928
13931
13932
13934
13935
13936
13937
13938
13940
13947
13949
13955
13961
13964
13965
13967
13970
13971
13973
13974
13975
13977
13979
13980
13982
13984
13989
13992
13996
13999
14000
14006
14007
14009
14011
14013
14014
14016
14018
14020
14021
14024
14028
14030
14031
14035
14037
14038
14039
14041
14043
14047
14050
14051
14052
14055
14056
14058
14059
14060
14061
14063
14064
14065
14068
14069
14070
14071
14077
14079
14081
14083
14084
14087
14089
14090
14099
14101
14102
14104
14105
14106
14110
14112
14114
14117
14118
14120
14122
14125
14127
14128
14130
14133
14134
14137
14141
14142
14144
14145
14147
14151
14153
14161
14164
14166
14173
14174
14177
14181
14184
14185
14186
14188
14189
14190
14191
14196
14197
14198
14199
14202
14203
14204
14207
14208
14209
14210
14216
14217
14219
14220
14225
14227
14230
14233
14235
14237
14242
14244
14248
14249
14250
14251
14252
14253
14254
14255
14257
14258
14259
14262
14263
14264
14266
14267
14268
14270
14271
14274
14277
14279
14280
14285
14286
14287
14288
14289
14293
14295
14296
14297
14300
14302
14307
14308
14312
14313
14314
14315
14316
14317
14319
14320
14323
14324
14325
14326
14327
14328
14329
14330
14331
14333
14335
14337
14338
14343
14345
14347
14348
14350
14352
14355
14356
14360
14362
14364
14365
14366
14367
14368
14369
14371
14372
14373
14375
14376
14377
14378
14380
14381
14382
14383
14384
14385
14387
14388
14389
14390
14391
14393
14394
14395
14400
14404
14407
14409
14410
14412
14413
14414
14415
14416
14418
14419
14421
14424
14425
14428
14430
14431
14432
14433
14434
14435
14440
14441
